Plik;T_start;Alpha;Mnoznik_Petli;Sredni_Koszt;Najlepszy_Koszt;Czas_Srednio_ms
dj38.tsp;1000;0.9;1;7152.20;6790.00;0.2
dj38.tsp;1000.0;0.9;2;6975.80;6656.00;0.0
dj38.tsp;1000.0;0.9;5;6852.00;6656.00;1.0
dj38.tsp;1000.0;0.9;1;6949.60;6656.00;0.0
dj38.tsp;1000.0;0.9;2;6978.00;6656.00;0.0
dj38.tsp;1000.0;0.9;5;6845.60;6656.00;2.0
dj38.tsp;1000.0;1.0;1;6755.20;6656.00;2.0
dj38.tsp;1000.0;1.0;2;6703.00;6656.00;3.2
dj38.tsp;1000.0;1.0;5;6656.00;6656.00;8.8
dj38.tsp;1000.0;1.0;1;6656.00;6656.00;3.4
dj38.tsp;1000.0;1.0;2;6656.00;6656.00;7.4
dj38.tsp;1000.0;1.0;5;6656.00;6656.00;18.6
dj38.tsp;10000.0;0.9;1;7045.20;6656.00;0.0
dj38.tsp;10000.0;0.9;2;7171.80;6656.00;0.0
dj38.tsp;10000.0;0.9;5;6843.80;6656.00;1.0
dj38.tsp;10000.0;0.9;1;7074.80;6656.00;0.0
dj38.tsp;10000.0;0.9;2;6856.00;6656.00;1.2
dj38.tsp;10000.0;0.9;5;6780.20;6656.00;2.8
dj38.tsp;10000.0;1.0;1;7020.80;6656.00;2.4
dj38.tsp;10000.0;1.0;2;6656.00;6656.00;5.2
dj38.tsp;10000.0;1.0;5;6656.00;6656.00;10.8
dj38.tsp;10000.0;1.0;1;6656.00;6656.00;4.4
dj38.tsp;10000.0;1.0;2;6656.80;6656.00;8.0
dj38.tsp;10000.0;1.0;5;6656.00;6656.00;22.2
wi29.tsp;1000.0;0.9;1;28588.00;27603.00;0.0
wi29.tsp;1000.0;0.9;2;28495.60;28084.00;0.0
wi29.tsp;1000.0;0.9;5;28076.80;27603.00;0.4
wi29.tsp;1000.0;0.9;1;27826.80;27603.00;0.0
wi29.tsp;1000.0;0.9;2;27841.80;27603.00;0.0
wi29.tsp;1000.0;0.9;5;27824.80;27603.00;1.4
wi29.tsp;1000.0;1.0;1;27863.20;27603.00;1.0
wi29.tsp;1000.0;1.0;2;28005.80;27603.00;2.0
wi29.tsp;1000.0;1.0;5;27691.20;27603.00;6.8
wi29.tsp;1000.0;1.0;1;27693.00;27603.00;2.6
wi29.tsp;1000.0;1.0;2;27634.20;27603.00;5.4
wi29.tsp;1000.0;1.0;5;27603.00;27603.00;13.4
wi29.tsp;10000.0;0.9;1;28634.20;28031.00;0.0
wi29.tsp;10000.0;0.9;2;28282.80;27603.00;0.0
wi29.tsp;10000.0;0.9;5;27963.20;27603.00;0.6
wi29.tsp;10000.0;0.9;1;28821.00;28191.00;0.0
wi29.tsp;10000.0;0.9;2;28190.60;27750.00;0.4
wi29.tsp;10000.0;0.9;5;27982.60;27750.00;1.2
wi29.tsp;10000.0;1.0;1;27881.40;27603.00;1.0
wi29.tsp;10000.0;1.0;2;27822.40;27603.00;3.0
wi29.tsp;10000.0;1.0;5;27718.80;27603.00;8.0
wi29.tsp;10000.0;1.0;1;27723.20;27603.00;3.0
wi29.tsp;10000.0;1.0;2;27824.80;27603.00;6.2
wi29.tsp;10000.0;1.0;5;27630.40;27603.00;16.0
qa194.tsp;1000.0;0.9;1;13190.40;12607.00;0.4
qa194.tsp;1000.0;0.9;2;11145.00;10791.00;1.8
qa194.tsp;1000.0;0.9;5;10361.80;10202.00;4.2
qa194.tsp;1000.0;0.9;1;11410.40;10993.00;1.8
qa194.tsp;1000.0;0.9;2;10539.80;10293.00;3.2
qa194.tsp;1000.0;0.9;5;10456.00;10349.00;9.4
qa194.tsp;1000.0;1.0;1;10156.00;9850.00;9.2
qa194.tsp;1000.0;1.0;2;10034.60;9775.00;19.0
qa194.tsp;1000.0;1.0;5;9886.80;9685.00;47.6
qa194.tsp;1000.0;1.0;1;10181.60;9932.00;19.2
qa194.tsp;1000.0;1.0;2;9892.80;9647.00;38.2
qa194.tsp;1000.0;1.0;5;9653.80;9607.00;95.4
qa194.tsp;10000.0;0.9;1;13017.80;12770.00;1.0
qa194.tsp;10000.0;0.9;2;11369.20;11097.00;2.0
qa194.tsp;10000.0;0.9;5;10425.40;10272.00;5.2
qa194.tsp;10000.0;0.9;1;11327.20;11200.00;2.0
qa194.tsp;10000.0;0.9;2;10667.20;10518.00;4.0
qa194.tsp;10000.0;0.9;5;10108.60;9916.00;11.0
qa194.tsp;10000.0;1.0;1;10157.40;10030.00;11.4
qa194.tsp;10000.0;1.0;2;10096.80;9953.00;23.2
qa194.tsp;10000.0;1.0;5;9815.40;9540.00;58.2
qa194.tsp;10000.0;1.0;1;9981.40;9839.00;23.4
qa194.tsp;10000.0;1.0;2;9973.60;9844.00;47.0
qa194.tsp;10000.0;1.0;5;9705.20;9608.00;117.2
uy734.tsp;1000.0;0.9;1;184376.00;181871.00;4.0
uy734.tsp;1000.0;0.9;2;140207.40;135201.00;7.6
uy734.tsp;1000.0;0.9;5;104789.00;103722.00;18.6
uy734.tsp;1000.0;0.9;1;139646.20;135792.00;7.6
uy734.tsp;1000.0;0.9;2;111478.40;108810.00;15.4
uy734.tsp;1000.0;0.9;5;92816.20;92285.00;38.0
uy734.tsp;1000.0;1.0;1;92687.60;90753.00;38.6
uy734.tsp;1000.0;1.0;2;88835.60;87141.00;76.6
uy734.tsp;1000.0;1.0;5;87700.00;85878.00;191.2
uy734.tsp;1000.0;1.0;1;88927.20;87185.00;76.8
uy734.tsp;1000.0;1.0;2;87429.60;86927.00;153.6
uy734.tsp;1000.0;1.0;5;84894.60;84210.00;383.8
uy734.tsp;10000.0;0.9;1;184516.20;179387.00;5.0
uy734.tsp;10000.0;0.9;2;141998.40;138500.00;9.8
uy734.tsp;10000.0;0.9;5;106454.20;105010.00;23.8
uy734.tsp;10000.0;0.9;1;137665.80;131389.00;10.0
uy734.tsp;10000.0;0.9;2;109889.60;107656.00;19.4
uy734.tsp;10000.0;0.9;5;93470.60;92079.00;48.4
uy734.tsp;10000.0;1.0;1;93400.60;91772.00;49.6
uy734.tsp;10000.0;1.0;2;89222.40;87754.00;99.0
uy734.tsp;10000.0;1.0;5;87794.60;87185.00;245.6
uy734.tsp;10000.0;1.0;1;89783.20;88840.00;98.4
uy734.tsp;10000.0;1.0;2;88011.00;86678.00;197.0
uy734.tsp;10000.0;1.0;5;85563.60;84852.00;494.4
zi929.tsp;1000.0;0.9;1;241111.80;231862.00;6.2
zi929.tsp;1000.0;0.9;2;182021.60;175096.00;11.4
zi929.tsp;1000.0;0.9;5;133846.60;131333.00;25.4
zi929.tsp;1000.0;0.9;1;177834.60;173265.00;11.2
zi929.tsp;1000.0;0.9;2;140921.00;139121.00;21.0
zi929.tsp;1000.0;0.9;5;115658.60;113594.00;50.2
zi929.tsp;1000.0;1.0;1;114683.00;112955.00;51.4
zi929.tsp;1000.0;1.0;2;107533.80;106771.00;100.4
zi929.tsp;1000.0;1.0;5;105179.20;104645.00;250.4
zi929.tsp;1000.0;1.0;1;107615.00;106756.00;104.8
zi929.tsp;1000.0;1.0;2;105236.60;104361.00;201.6
zi929.tsp;1000.0;1.0;5;102950.80;102318.00;498.6
zi929.tsp;10000.0;0.9;1;243978.20;234891.00;7.2
zi929.tsp;10000.0;0.9;2;181330.40;176695.00;13.4
zi929.tsp;10000.0;0.9;5;134350.40;132028.00;32.2
zi929.tsp;10000.0;0.9;1;180046.80;178338.00;13.8
zi929.tsp;10000.0;0.9;2;143840.60;141423.00;26.4
zi929.tsp;10000.0;0.9;5;115723.60;114296.00;64.0
zi929.tsp;10000.0;1.0;1;115660.00;113363.00;65.4
zi929.tsp;10000.0;1.0;2;107325.60;106009.00;130.2
zi929.tsp;10000.0;1.0;5;104595.00;103043.00;323.8
zi929.tsp;10000.0;1.0;1;109083.40;108224.00;130.2
zi929.tsp;10000.0;1.0;2;106113.60;104432.00;258.0
zi929.tsp;10000.0;1.0;5;103578.60;101764.00;645.4
